1
2
3
4
6
7
8
9
10
11
12
13
14
15
16
17
18
19
20
21
22
23
24
25
26
27
28
29
30
31
32
33
37
38
39
128
129
130
131
132
133
135
136
147
166
167
205
207
208
231
232
264
293
296
299
301
302
305
308
309
312
314
315
320
323
325
326
327
328
329
330
331
369
378
379
563
564
569
570
652
689
691
693
694
695
714
715
716
717
731
732
734
737
739
743
746
748
749
754
758
772
782
794
798
804
805
807
821
822
823
833
837
838
839
840
841
842
843
844
849
853
856
869
870
871
872
876
877
880
881
883
884
901
916
922
930
931
946
1011
1012
1029
1366
1387
1398
1409
1410
1411
1414
1415
1426
1427
1428
1429
1430
1431
1432
1434
1437
1691
1692
1693
1695
1696
1697
1716
1717
1718
1737
1770
1771
1772
1774
1775
1778
1779
1780
1784
1785
1786
1787
1788
1809
1810
1811
1812
1813
1814
1815
1819
1820
1821
1823
1824
1826
1827
1829
1831
1832
1834
1835
1836
1837
1839
1840
1841
1843
1844
1846
1850
1855
1856
1857
1858
1859
1860
1861
1862
1863
1864
1865
1866
1867
1869
1870
1871
1872
1873
1874
1875
1876
1877
1878
1879
1880
1881
1882
1883
1884
1885
1886
1887
1889
1890
1891
1892
1893
1894
1895
1897
1898
1899
1900
1901
1902
1903
1904
1905
1906
1907
1915
1916
1917
1918
1919
1920
1921
1922
1926
1930
1932
1933
1937
1938
1939
1970
1978
1979
1980
1986
1987
2000
2001
2002
2004
2005
2006
2013
2014
2015
2017
2116
2117
2118
2119
2120
2121
2124
2127
2128
2129
2131
2132
2133
2134
2135
2136
2138
2141
2142
2143
2146
2156
2157
2159
2160
2161
2166
2167
2168
2169
2170
2171
2172
2173
2174
2175
2176
2177
2179
2181
2182
2184
2185
2186
2188
2190
2191
2192
2193
2195
2196
2198
2199
2201
2202
2205
2206
2207
2216
2224
2225
2227
2229
2230
2232
2234
2236
2237
2238
2239
2242
2244
2245
2248
2250
2251
2252
2254
2255
2256
2257
2258
2259
2261
2266
2267
2268
2269
2270
2271
2272
2273
2274
2276
2278
2279
2280
2281
2283
2285
2286
2287
2288
2289
2290
2291
2292
2293
2294
2295
2296
2297
2298
2299
2300
2301
2304
2307
2313
2319
2320
2321
2322
2324
2325
2326
2327
2328
2329
2331
2332
2333
2335
2336
2338
2339
2340
2341
2342
2343
2344
2345
2346
2348
2349
2353
2354
2355
2356
2357
2360
2363
2365
2370
2372
2384
2385
2386
2387
2388
2391
2401
2402
2403
2405
2406
2409
2410
2411
2412
2415
2418
2419
2420
2421
2424
2425
2427
2429
2430
2433
2434
2435
2436
2439
2440
2442
2443
2444
2446
2457
2460
2461
2472
2473
2474
2481
2499
2500
2513
2514
2515
2516
2517
2518
2519
2520
2521
2522
2523
2524
2525
2526
2527
2528
2529
2530
2531
2532
2533
2534
2535
2536
2538
2539
2541
2552
2554
2555
2558
2560
2562
2563
2564
2565
2566
2571
2602
2605
2608
2609
2612
2636
2637
2638
2639
2789
2792
2793
2796
2808
2825
2826
2827
2830
2838
2841
2843
2844
2845
2846
2847
2848
2849
2850
2851
2852
2853
2854
2855
2858
2859
2860
2867
2901
2916
3038
3039
3041
3045
3046
3101
3116
3125
3129
3133
3164
3202
3203
3204
3206
3207
3334
4711
4714
4715
4720
4721
4727
4743
4745
